Best accuracy: 0.999217101232739
lr_gen: 1.1951359427258443e-06
lr_critic: 1.0273795359193069e-05
batch_size: 64
z_dim: 181
features_gen: 45
features_critic: 15
critic_iterations: 1
lambda_gp: 19.20193685195833
beta1: 0.31995622221721703
beta2: 0.9141162875212255
